
5 book1 1 
5 sheet 2 
2 
5 ceil1 100 0000000000000000000000000000000000000000000000000000000000000000000000000000000000000000000000000000 0
 
5 ceil1 100 0000000000000000000000000000000000000000000000000000000000000000000000000000000000000000000000000000 0
 

2 
5 ceil1 100 0000000000000000000000000000000000000000000000000000000000000000000000000000000000000000000000000000 0
 
5 ceil1 100 0000000000000000000000000000000000000000000000000000000000000000000000000000000000000000000000000000 0
 
 0
 0
